0.48499859
-0.82662949
-0.9851911
-0.45921525
1.2790334
-0.0041717539
-2.2638856
-1.2305145
-1.6628859
-1.306408
-0.90296467
0.18942325
-0.74527381
-0.56705692
-0.56887623
-0.097759442
-0.66626846
-0.66380869
-0.84345037
-1.969611
0.42624691
-0.64195486
-0.59845363
-1.0052934
-0.49671643
-0.29085259
-0.98955986
-2.6571036
-2.6380212
-2.2646636
-2.927261
-3.5291529
-3.6632394
-0.32470276
-0.29208373
-0.94744727
-0.49188502
0.39469019
0.75846101
1.0519692
-1.802015
-1.1728171
0.26758549
-1.8298274
-0.94351769
-1.93813
-0.31199303
-0.66579391
1.6417586
0.53561424
-0.18176833
-0.40353674
-0.29666871
-0.4270048
0.63574694
0.37985377
-0.47324415
0.037743736
-1.26322
-0.78191587
-2.3780139
-2.135659
-2.1313214
-1.7537022
-2.2243766
-1.5244196
-0.53025482
-0.0058363251
-1.4460792
-1.5786978
-0.42655657
-0.20466269
-1.0596929
-0.20399708
-2.178849
-2.753774
-0.29723343
-0.61432275
-0.55162877
-0.94470815
-1.4962865
-0.5230813
1.3568344
-1.1585533
-2.3068091
-1.9300325
-1.1125692
0.50349846
-0.70860404
0.092669017
0.21520115
-1.3806942
0.047266837
-0.74611034
-0.52117794
-1.8467568
0.45458324
-0.32995885
-1.7398173
-2.6946949
-1.0900762
-1.8138726
-0.47445028
-1.4287146
-1.2838979
-0.93477484
-0.77565918
-0.60962421
-1.0748591
-1.3773757
-1.3628522
0.11958949
-0.22771
-1.1298092
-1.0910223
-0.83087619
-0.75307399
-1.3314962
-1.083991
-1.27151
-1.071674
0.56474351
0.3253731
-1.6721543
-1.9548629
-1.7309892
-1.5129222
-0.78336109
-0.47423116
-0.71759582
-0.64509197
-3.7046501
-3.6450964
-3.1541995
-2.7193901
-3.41202
-2.8088202
-2.255011
-2.3917455
-1.9364651
-1.4919042
-1.542335
-1.1005853
-0.56605419
-1.0662982
-1.2239915
-1.6655278
-2.3689676
-2.820305
0.076887163
0.10729876
-2.3230783
-1.8084844
-0.47227727
-0.64374109
-1.5076651
-0.7358559
-0.99087492
-1.5262348
-1.0092733
-1.0591471
-1.2338498
-0.48017284
0.5881597
0.29022167
-0.055895783
0.51602281
0.038344208
-0.7948126
0.59625653
0.12126018
-1.1337917
-2.1088359
-1.7530263
-1.8421606
-0.49725717
0.32107806
-1.197515
-1.5403357
-0.8076381
-1.1585708
-1.6267508
-2.1153108
-1.347999
0.12511816
-1.1981076
-0.10254707
-2.2577259
0.7647875
0.2723214
-0.88129821
-1.6746989
-1.0039196
0.66423769
-1.9069626
-1.7128562
-1.700074
1.7550273
-1.2839924
-0.35461242
-0.25448726
0.86219872
0.4504841
0.13139711
-4.7160871
-0.42913445
-1.4262943
-0.95012303
0.12528142
-2.0426227
-0.36172623
-1.4679946
0.4323383
-0.63012438
0.29748702
-0.26209126
-1.4066643
-1.7632234
-0.68821676
-1.3578447
-0.91440547
-0.95630923
-1.4386768
-0.5531656
-0.51526382
-0.39875426
0.020773178
-0.8510224
-1.5746222
-0.3390221
-0.46996897
1.8503109
1.1195152
-0.3999312
-0.18909419
-1.7841025
-3.038064
-1.6020382
-1.3541441
-2.7906898
-1.8181084
-2.7906257
-0.64079349
-0.32771463
-1.4448287
-2.5310937
-0.41314448
0.2228255
-0.94033164
-2.1662244
-2.1161899
-1.7564123
-2.7527903
-2.7037863
-1.6966642
-2.5325165
-2.4070679
0.71177398
-2.2746906
-2.3467561
-2.6085984
-0.24895199
-0.38758634
