1.1593545
-0.10972911
-0.2332723
0.75882957
1.3310737
-0.20600428
-1.3152264
-1.0380501
-0.77667839
-2.5766997
-0.61701569
-0.083464889
0.24299986
-0.57339773
-1.2882709
-0.48060701
-0.7404082
-0.60336057
-0.59066708
-0.55863551
-0.77422065
-0.26195563
-0.60173195
-0.78842182
-0.52231606
-0.86882183
0.86774165
-1.2561961
-1.5942459
-0.67337112
-1.7965797
-1.9630256
-3.2329272
-0.84496479
-0.86886627
0.20611659
0.095850577
0.23612323
0.69539883
1.1506291
-0.32030679
-0.73002036
1.346408
-0.54055047
-0.77357698
-1.4126515
-0.65219688
-0.70901176
2.1078883
0.95315478
0.83056047
0.33382957
0.71866274
0.48092607
0.43800949
0.75352845
-0.37444417
0.15202007
-0.29084878
0.23887463
-1.9450535
-2.1377018
-0.93900959
-1.1472574
-1.5826681
-0.089729401
-0.47828985
0.09142986
-0.50129694
-0.48169723
0.28515988
0.14625169
-0.57115623
-0.30978283
-1.2286522
-1.7106298
-0.093927441
-0.26195619
-0.089345386
0.82815034
-0.59716558
-0.10836409
0.97340837
-0.93485823
-1.3253369
-1.0574205
-0.73126391
0.244971
-0.0956942
-0.32041911
-0.26273716
-1.0475398
-0.74158311
-1.1376555
0.4976027
-1.6938961
-0.82132681
-0.34256744
-0.17260818
-0.8617363
0.3303807
-0.45306487
0.60982684
-0.35097786
-0.60555827
-0.45667832
-0.33899195
-0.24555594
0.19904018
0.28306502
0.16127921
0.6833711
-0.26396777
-0.65148526
-1.318637
-0.71471372
-0.72969755
-0.16065236
-1.2999694
0.34416567
-0.81094194
0.7307421
1.1300626
-0.18611758
-0.32795162
-0.18207665
-0.23738002
-0.35316711
-0.39889402
-0.43176331
-0.34137934
-2.2098245
-1.9733161
-1.8475322
-1.705434
-1.4598706
-1.4059521
-1.1127179
-1.0307383
-0.77190062
-0.56263852
-0.49928343
-0.29977781
-0.63388023
-0.3653671
-1.6791632
-1.2590528
-1.807553
-1.3874427
1.0956835
-0.077318491
-0.34991211
-0.74978563
-1.2881221
-0.99676318
-2.1414406
-1.1492672
-0.85854442
-2.2266362
-0.94248606
-0.58822268
-1.8295333
-0.47344727
1.4321485
0.76173007
1.5370677
0.56684888
0.27761164
0.25763737
0.25068891
-0.068704701
-0.08006885
-0.79311167
-1.4864972
-1.2419772
0.12352112
0.15732041
-1.2862244
-1.6529054
-2.0339361
-0.28002016
-0.81116127
-1.2638908
-1.5794476
-0.062965135
-0.35100502
-0.066685647
-0.7689087
1.4327341
0.77141072
-0.74039223
-0.74152486
-1.2321021
1.1501396
-1.1804774
-0.38786733
-0.59546065
0.69247666
-0.82015758
-0.0049890981
0.34040047
-0.8428164
0.11653168
-1.0819329
-4.2794157
0.2557007
-0.32813851
-0.50517673
0.99918807
-0.58562279
0.78460364
0.42077816
0.95584157
0.24849969
0.38544257
0.71090406
-1.0461142
-2.1213885
-0.63899609
-1.6725517
-0.83523292
-1.1749166
-1.2269381
-0.74119685
-0.54280021
-0.46562881
-0.53714694
-0.34940156
-1.146686
0.19787635
0.35386468
1.3147085
1.3718028
0.61906778
0.59301201
-1.1832993
-1.7108857
-0.699425
-0.63645379
-1.7738482
-1.3218636
-2.0018901
-0.23465378
0.080348287
-1.0986504
-1.053804
-0.19338389
0.080053976
0.10620887
0.0018793652
-0.56893096
-0.67711324
-1.5638706
-1.6561033
0.16386034
-1.0312551
-1.2903917
0.51676713
-0.4686668
-1.3468113
-1.5971142
0.14268824
0.51988779
